2021112700
2021112706
2021112712
2021112718
2021112800
2021112806
2021112812
2021112818
2021112900
2021112906
2021112912
2021112918
2021113000
2021113006
2021113012
2021113018
2021120100
2021120106
2021120112
2021120118
2021120200
2021120206
2021120212
2021120218
2021120300
2021120306
2021120312
2021120318
2021120400
2021120406
2021120412
2021120418
2021120500
2021120506
2021120512
2021120518
2021120600
2021120606
2021120612
2021120618
2021120700
2021120706
2021120712
2021120718
2021120800
2021120806
2021120812
2021120818
2021120900
2021120906
2021120912
2021120918
2021121000
2021121006
2021121012
2021121018
